 -1.2199990e+000 -9.6663366e-001 -7.2364719e-001 -1.0477424e+000 -9.6318436e-001 -7.2430836e-001 -7.8284633e-001 -9.9199224e-001 -7.6979133e-001 -7.4304067e-001 -5.8422387e-001 -4.3920376e-001 -2.3419958e-001  1.9610880e-001  4.9159512e-001  6.7610187e-001  5.2765059e-001  5.7466616e-001  5.8567630e-001  5.2323793e-001  7.8976442e-001
 -1.3686522e+000 -1.1409459e+000 -8.1571305e-001 -5.5546041e-001 -3.8196070e-001 -3.3836453e-001 -2.3512796e-001 -1.7165383e-001 -1.9863547e-001 -2.0619809e-001 -1.9425769e-001 -3.1706990e-001 -2.5848806e-001 -2.1074726e-001 -5.5245463e-002  4.1818998e-001  4.9779828e-001  6.1282002e-001  8.6673827e-001  1.1151138e+000  9.1765400e-001
 -2.0390256e-001 -1.1375906e-001 -1.4382235e-001 -3.1904235e-001 -2.7182506e-001 -2.6873320e-003 -2.2411714e-002  1.7340666e-001  9.3777134e-002 -1.8641755e-001 -2.2017281e-001 -3.9347362e-001 -3.7977261e-001 -3.4217908e-001 -2.3354120e-001 -2.4916416e-001 -2.3276302e-001 -5.0003709e-001 -4.3126902e-001 -3.1175372e-001 -2.9927294e-001
 -6.3977717e-002 -3.4911159e-001 -5.5928215e-001 -2.9001813e-001 -4.9180189e-002  1.8713610e-001  2.7113842e-002 -5.4673666e-002 -1.3580967e-001 -1.3755106e-001  3.2396905e-001 -2.9135385e-001 -7.9997171e-001 -4.9930005e-001 -6.2626419e-001 -6.5762394e-001 -7.1382129e-001 -4.0487457e-001 -1.9933957e-001 -3.7697149e-001 -9.1869460e-001
 -7.6345332e-001 -4.2769908e-001 -3.3345923e-001 -9.4714471e-002 -2.8021076e-001 -3.2817108e-001 -4.9445565e-001 -6.1464881e-001 -5.4699453e-001 -2.5414896e-001 -1.6769255e-001  1.9984048e-001  2.5716933e-001  4.8075754e-001  4.9279696e-001  5.1078325e-001 -5.8547033e-002  3.4676686e-002  5.0513706e-001  6.5533028e-001  7.7663033e-001
 -6.6598931e-001 -6.5336356e-001 -5.1993420e-001 -3.1173647e-001 -3.8363282e-001 -4.0759047e-001 -3.0847574e-001 -3.3743627e-001 -5.0998225e-001 -4.1747132e-001 -3.2475270e-001 -2.5821613e-001  5.8395588e-002  4.8639211e-001  4.6511110e-001  4.6097896e-001  3.1553336e-001  4.7322212e-001  2.2515249e-001  5.6794144e-001  8.9461728e-001
 -9.4663438e-001 -1.0312694e+000 -1.1035060e+000 -1.0742215e+000 -8.9612437e-001 -6.3870412e-001 -5.1692931e-001 -3.2110201e-001 -3.8454704e-001 -5.4763683e-001 -4.5348843e-001 -4.4373772e-001 -3.9379016e-001 -2.6642204e-001  1.0661653e-002  8.2478927e-002  3.3969559e-001  4.9991458e-001  5.8818093e-001  9.6548867e-001  9.7431477e-001
 -1.3883015e+000 -1.5219809e+000 -1.3683167e+000 -1.1017007e+000 -8.6200286e-001 -5.6479759e-001 -5.7569752e-001 -6.5190259e-001 -6.4373172e-001 -5.2186366e-001 -3.1522486e-001  1.9971116e-003  1.9780248e-001 -1.1881902e-001 -4.6659093e-003  3.3912252e-001  6.0805463e-001  8.9025772e-001  9.3820833e-001  7.4380122e-001  8.0668372e-001
 -8.7530682e-001 -1.1658277e+000 -9.5482561e-001 -9.9058491e-001 -9.5932918e-001 -6.3322979e-001 -6.4736626e-001 -6.1144732e-001 -6.3055012e-001 -3.1689534e-001 -2.0705499e-001 -2.3005049e-001 -3.1353259e-001  6.6561535e-003  4.4897109e-001  8.8943946e-001  6.6231140e-001  4.6542226e-001  4.7088308e-001  7.4736122e-001  8.4107467e-001
 -1.1420115e+000 -1.0660191e+000 -9.0737146e-001 -5.3404301e-001 -4.0802579e-001 -5.5024641e-001 -3.1680856e-001 -1.4451176e-001 -7.1447496e-002  1.7756162e-002 -1.1159811e-001 -9.6964271e-003  5.9353526e-002  2.1501213e-001  8.5087832e-002  3.8249179e-001  5.7326087e-001  3.0271849e-001  4.3081579e-001  9.0870813e-001  1.2681093e+000
 -1.0627566e+000 -1.0193664e+000 -1.0797570e+000 -1.1514451e+000 -1.4321497e+000 -1.3211110e+000 -1.1139223e+000 -1.1087042e+000 -1.0647997e+000 -9.0089615e-001 -5.6609521e-001 -3.7437753e-001 -3.4060798e-001 -1.3855630e-001 -7.3155625e-002  8.3730682e-002  8.2868792e-002  2.5354452e-001  4.8123715e-001  5.1643855e-001  7.5298600e-001
 -9.6803668e-001 -9.4332115e-001 -1.0519618e+000 -1.0042673e+000 -9.1781337e-001 -7.7342937e-001 -8.4216948e-001 -4.4172176e-001 -2.4532547e-001 -4.7164280e-001 -3.9941804e-001 -3.6100579e-001 -2.5717511e-001 -2.6656728e-001 -2.4657837e-001 -1.9703860e-001 -4.0531953e-003  1.7517697e-003  3.2044745e-001  3.3932419e-001  5.1048756e-001
 -6.6288484e-001 -5.7627548e-001 -4.4418543e-001 -2.5570606e-001 -3.1788298e-001 -5.5103758e-001 -5.3377208e-001 -3.5482648e-001 -8.7792617e-002  6.3935253e-004  2.0858561e-001  1.9981146e-001  2.9202069e-001  2.6685616e-001  1.9055655e-001  1.7521053e-001  1.1971986e-001  3.1875448e-001  4.8030861e-001  7.2924624e-001  1.3189266e+000
 -8.7870933e-001 -1.1915435e+000 -1.0921335e+000 -1.1733927e+000 -1.1119041e+000 -1.0742243e+000 -1.1011149e+000 -9.1409418e-001 -8.7937632e-001 -8.6666443e-001 -6.9220845e-001 -5.2085779e-001 -6.1513737e-001 -3.9660805e-001 -3.3501203e-001  2.2950719e-003  2.5019741e-001  3.7467417e-001  5.0388865e-001  5.9268747e-001  8.9157300e-001
 -7.0044360e-001 -6.9762609e-001 -4.7504402e-001 -4.2938064e-001 -2.3980139e-001  2.8482979e-001  4.9185861e-001  7.0611794e-002  4.5569949e-002 -6.9898979e-002 -2.3073788e-001 -8.0825534e-002 -3.0136076e-001 -5.0186212e-001 -4.4348314e-001  6.0874462e-002 -1.5624803e-001 -1.6230529e-001 -2.6762988e-001 -3.3582360e-001 -7.8356163e-002
 -7.6075853e-001 -7.7236312e-001 -7.5566812e-001 -7.3705355e-001 -7.5749176e-001 -6.2024525e-001 -4.7332045e-001 -5.6167091e-001 -5.2820572e-001 -3.8027740e-001 -3.3448891e-001 -3.3342825e-002 -1.7284335e-001 -9.9689036e-002 -4.6612983e-002  3.3149327e-001  4.9062175e-001  5.7798506e-001  6.7098517e-001  7.2468323e-001  1.0214458e+000
 -5.6062113e-001 -5.5433631e-001 -1.8100686e-001  1.1197345e-001  5.1765613e-002  1.8795820e-001  1.7391607e-001  1.1397154e-001  6.9605943e-002  1.4865619e-001 -1.7057641e-001 -5.8333740e-001 -4.6616880e-001 -6.3686781e-001 -3.1843861e-001 -1.7736869e-001 -2.0735157e-001 -1.4081496e-001 -2.4923543e-001 -4.8692736e-001  1.4051373e-001
 -1.4211512e+000 -1.2412694e+000 -8.1810114e-001 -6.3593497e-001 -4.9497677e-001 -4.8007920e-001 -4.6346578e-001 -3.1520827e-001 -2.4740478e-001 -9.1622421e-002  4.6508802e-003  3.7142318e-002  8.8898536e-002 -3.6723575e-002 -1.2606085e-001 -4.4261126e-002  1.6057465e-001  2.3614716e-001  5.7130813e-001  7.8260334e-001  1.4392715e+000
 -1.1244219e+000 -9.6260641e-001 -1.0385562e+000 -1.0023340e+000 -8.5490865e-001 -8.5271437e-001 -7.0673240e-001 -8.4107007e-001 -6.3704239e-001 -7.4276842e-001 -6.7329190e-001 -4.6703044e-001 -4.1382528e-001 -4.2736054e-001 -2.9479040e-001 -2.2464829e-001 -1.5661532e-001  5.7107573e-002  3.4900362e-002  3.7402295e-001  3.7153048e-001
 -9.3018585e-001 -1.0380572e+000 -9.8654985e-001 -8.6813018e-001 -9.3460225e-001 -7.8530388e-001 -6.4667425e-001 -6.2673876e-001 -5.3599775e-001 -3.9813710e-001 -1.6652695e-001  6.5872442e-002  1.7229041e-002  2.1202632e-001  3.5532689e-001  3.6626570e-001  6.2506237e-001  4.7906110e-001  3.0804489e-001  5.2984101e-001  7.9791164e-001
 -7.7948064e-001 -3.4349244e-001 -6.0638920e-001 -4.0948898e-001 -3.6506492e-001 -2.7441992e-001 -3.0895985e-001 -1.3254295e-001 -1.7307461e-001 -1.3601563e-001 -9.9085174e-003  2.0987673e-001  1.3269932e-001  3.0181960e-001  3.4334129e-001  2.4030310e-001  4.9151877e-001  7.0372482e-001  7.7694762e-001  1.0343036e+000  1.1743450e+000
 -8.2497321e-003 -1.8783440e-001  1.5030783e-001  1.8817548e-001  9.6371714e-002  1.2845550e-001  2.6670266e-001  2.6967111e-001  6.7394173e-002 -1.6789906e-002  8.0685080e-002 -1.3332745e-001 -2.0682961e-001 -2.7588568e-001 -2.9930293e-001 -3.4352776e-001 -5.1494273e-001 -5.2081447e-001 -2.7630563e-001 -2.5545991e-001 -5.4747689e-002
 -9.2747203e-001 -7.8598929e-001 -9.1776970e-001 -9.3641191e-001 -9.5275758e-001 -7.6842625e-001 -5.3728066e-001 -3.2682119e-001 -1.0956397e-001  4.7280499e-002  1.5917641e-001 -2.9099558e-002 -2.1831706e-001 -1.9430828e-001  3.9239523e-002  4.5028217e-002  9.4783240e-002  3.0888625e-001  2.9920317e-001  4.0458507e-001  7.0040028e-001
 -9.3123514e-001 -9.2905128e-001 -1.1154730e+000 -8.8347143e-001 -6.0028296e-001 -4.7805169e-001 -5.0304727e-001 -4.1544900e-001 -4.3821310e-001 -4.1365152e-001 -6.5644107e-001 -2.8913030e-001 -1.1566658e-001  1.5909568e-001  4.9326700e-001  3.3283616e-001  4.7855258e-001  6.2695947e-001  7.5720334e-001  7.5772285e-001  9.4393488e-001
 -1.2968569e+000 -1.3963919e+000 -1.2092534e+000 -1.2550668e+000 -1.3132828e+000 -1.1972607e+000 -1.1425088e+000 -1.1706808e+000 -1.1307247e+000 -9.2563949e-001 -1.0135046e+000 -4.6360508e-001  1.2143068e-002  1.0935957e-001  1.5233650e-001  8.6819061e-002  4.7145167e-002  2.3089803e-001  5.0900094e-001  9.2769668e-001  1.1570369e+000
 -4.1558619e-001 -5.8489236e-001 -4.8502709e-001 -2.5551570e-001 -4.9647746e-001 -5.1550404e-002 -1.1114164e-001 -9.8599985e-002 -1.7731079e-001 -7.5219138e-002 -1.0812282e-001 -3.3582548e-002  9.1320696e-002  4.2941860e-001  7.1666556e-001  9.0804699e-001  7.3619367e-001  5.2534448e-001  9.3800798e-001  1.0673719e+000  1.1547974e+000
 -1.2419537e+000 -1.1366596e+000 -1.0359434e+000 -1.0431489e+000 -8.9355498e-001 -1.0834619e+000 -1.0374256e+000 -9.3619017e-001 -9.5406243e-001 -5.6628680e-001 -1.7722439e-001  4.3509497e-002 -5.6793908e-002  9.6924492e-002 -1.5651855e-001  5.2161579e-002  6.0555387e-001  7.3103908e-001  3.8949388e-001  4.1089560e-001  4.8597201e-001
 -1.2259024e+000 -1.3765121e+000 -1.1341136e+000 -1.1681588e+000 -1.0074031e+000 -9.9343630e-001 -9.1122860e-001 -9.0480498e-001 -7.3040457e-001 -7.8739631e-001 -6.9581882e-001 -6.2358600e-001 -4.5948860e-001 -5.5267093e-001 -4.9284246e-001 -2.8448256e-001 -3.3972294e-002  4.0898306e-002  1.3029061e-001  3.1802514e-001  5.0159159e-001
 -6.1308034e-001 -5.9029307e-001 -5.6308353e-001 -5.3740555e-001 -6.8215411e-001 -8.3739639e-001 -7.8759213e-001 -6.2637978e-001 -7.0481338e-001 -2.3575602e-001 -2.3251339e-001 -8.4936641e-002 -1.8471322e-001 -4.8458906e-002  8.6418474e-002  2.3866356e-001  4.1920050e-001  2.9947681e-001  3.6762801e-001  6.1109645e-001  7.6690632e-001
 -9.6549289e-001 -8.9137695e-001 -8.2588921e-001 -9.1665000e-001 -7.2078166e-001 -6.5381206e-001 -3.3326588e-001 -3.6432831e-001 -4.3061236e-001 -4.2597630e-001 -1.2790190e-001  1.1244166e-001  1.9117059e-001  5.0108516e-001  2.6787658e-001  1.9914391e-001 -1.4469976e-002  1.2533186e-001  1.8492519e-001  6.1876192e-001  7.9106198e-001
 -3.7902371e-001 -3.5952097e-001 -2.5005316e-001 -1.1737456e-001 -2.3667322e-001 -5.1758557e-001 -4.6900944e-001 -6.8011090e-001 -5.5538884e-001 -3.4707614e-001 -7.2594436e-002 -1.0772973e-001 -2.1822755e-001 -3.3223535e-001 -1.0595784e+000 -1.4832217e-001 -3.5513342e-001 -3.9835716e-001 -5.2918211e-001 -6.3973997e-001 -5.5064862e-001
 -9.6451924e-001 -1.0187302e+000 -8.4235192e-001 -6.3888891e-001 -6.3759019e-001 -7.7981548e-001 -5.9364933e-001 -3.3997702e-001 -2.8293152e-001 -9.5183024e-002  3.2674746e-002  1.3834320e-001  1.8591389e-001  5.0278395e-001  6.0330207e-001  4.1020202e-001  5.9727294e-001  7.5488000e-001  3.8849313e-001  1.1129129e+000  1.1960429e+000
  2.9400901e-001  1.5280870e-001  5.5805508e-001  3.2321250e-001  1.1127035e+000  6.7049923e-001  4.5608357e-001  4.6283838e-001  7.4508520e-001  6.5684118e-001  5.2454971e-001  5.4094344e-001  2.6313043e-001  2.9466725e-001 -2.8989528e-002 -3.5215794e-001  2.8300475e-002 -4.3921891e-002  1.2476657e-002  2.0902653e-001  2.4668948e-001
 -4.6172322e-001 -2.6179622e-001 -3.0457771e-001  8.1210636e-002  2.9530618e-001  2.4290824e-001  2.4047767e-001  1.4741619e-001 -9.2589396e-002 -7.3730569e-002  1.9336910e-001  4.3881695e-001  1.0567296e-001 -3.6421256e-002 -4.0520592e-001 -3.2077029e-001 -3.2940358e-001 -3.2473161e-001  1.0339377e-001 -7.0510823e-001 -4.5521714e-001
 -1.0801290e+000 -1.0225408e+000 -9.6449814e-001 -8.8040816e-001 -1.0628043e+000 -6.5241439e-001 -5.6055941e-001 -4.4357625e-001 -2.9710155e-001  1.1406053e-002  2.4164264e-001  3.7032349e-001  1.9957033e-001  4.9078248e-001  9.5593242e-001  6.8290398e-001  3.3782448e-001  6.5507253e-001  8.7586729e-001  7.3522036e-001  7.2672762e-001
 -7.6509932e-001 -7.3578343e-001 -5.7492298e-001 -5.7915643e-001 -7.8900629e-001 -8.5638557e-001 -8.7269929e-001 -6.4898828e-001 -5.2482204e-001 -5.8722524e-001 -4.2465213e-001 -3.8692269e-002  6.4075496e-002  6.9962434e-001  6.4506939e-001  7.0280065e-001  8.0189011e-001  1.0175756e+000  9.6537120e-001  7.9376341e-001  1.1400843e+000
 -7.2612319e-001 -6.5951600e-001 -7.1557352e-001 -3.8167808e-001 -1.8511168e-001 -9.0321037e-002 -5.2123741e-002  5.1354825e-002  1.5534309e-001  1.3558071e-001  2.3793120e-001  5.3984783e-001  7.0108342e-001  8.0257431e-001  8.0820770e-001  8.8920603e-001  1.0593240e+000  1.0801733e+000  1.0717337e+000  1.1635639e+000  8.6385182e-001
 -1.5902953e-001 -9.6163590e-002 -1.3611070e-001 -1.4237120e-001 -1.0107255e-001  1.0100214e-001  1.1397875e-001  9.0145854e-002  6.5513541e-002  1.5345376e-002  6.8618587e-002 -7.2902362e-002  8.4165288e-002  8.9168855e-002  1.7139125e-001  1.7840497e-001  3.3371672e-001  1.6449718e-001  1.8726956e-001  3.0631183e-001  3.1092247e-001
 -8.8470670e-001 -9.8077143e-001 -4.9671603e-001 -5.2234018e-001 -3.6082131e-001 -4.3538303e-001 -2.8849967e-001 -1.9526970e-001 -1.1228872e-001  9.5931971e-002  2.6946635e-001  5.9077220e-001  7.1006940e-001  8.0713110e-001  7.7483319e-001  8.4476193e-001  1.1207770e+000  1.2629448e+000  1.1254379e+000  1.1195981e+000  1.3151695e+000
 -6.8320816e-001 -6.6745836e-001 -6.5265845e-001 -6.8922912e-001 -7.4279101e-001 -6.8336253e-001 -5.1802140e-001 -3.7052005e-001 -4.3680453e-001 -9.2964441e-002  7.9934588e-002  3.7044902e-001  4.6013138e-001  6.2453626e-001  6.2189875e-001  5.6683818e-001  6.0902736e-001  8.5776442e-001  1.2050126e+000  1.0638502e+000  1.1441144e+000
 -1.0124111e+000 -1.2763491e+000 -1.0371182e+000 -9.3307764e-001 -7.9288998e-001 -9.0026118e-001 -7.6766384e-001 -6.2427121e-001 -5.9686695e-001 -5.3143135e-001 -3.9421741e-001  2.8744253e-002  5.5242576e-001  7.7132162e-001  6.8003418e-001  7.2115053e-001  7.9918098e-001  8.5640787e-001  9.1202155e-001  6.7303452e-001  5.3769085e-001
 -1.5407454e-001 -6.9266477e-002 -1.1652182e-001 -3.0735450e-002  2.3509254e-001  2.9729849e-001  2.5047102e-001  2.7338347e-002  1.3954692e-001  1.2357237e-001 -2.4766190e-001 -3.1167367e-001 -1.4747740e-001 -3.0530167e-001 -4.6948365e-001 -2.3250885e-001 -5.5998422e-001 -6.1947018e-001 -3.1652572e-001 -3.0386492e-001 -5.5006831e-001
 -9.7769998e-001 -9.5332570e-001 -7.5932508e-001 -6.5087441e-001 -6.2038032e-001 -6.6424134e-001 -6.6150381e-001 -7.3734202e-001 -4.4690293e-001 -3.6460576e-002  1.6368148e-002  4.3871325e-001  4.6524876e-001  5.3608623e-001  6.9488209e-001  6.9591410e-001  7.1917011e-001  5.6324595e-001  7.3442536e-001  1.0191864e+000  1.4000680e+000
 -1.0368933e+000 -1.0397737e+000 -9.2119854e-001 -8.2539343e-001 -7.2106064e-001 -5.2305081e-001 -3.7414163e-001 -4.0931389e-001 -1.4982761e-001 -6.1900631e-002  5.4984691e-002  2.9081671e-001  4.2769361e-001  4.6926303e-001  6.3082229e-001  7.5638501e-001  8.8032107e-001  8.7656902e-001  7.3990614e-001  6.6550532e-001  6.3757587e-001
 -4.7224559e-001 -4.8859606e-001 -7.5918677e-001 -7.3524930e-001 -8.3312072e-001 -6.6581174e-001 -4.9437254e-001 -2.8600704e-001 -1.7492140e-001 -1.2369393e-001  4.4249016e-002  2.6521159e-001  3.4662340e-001  3.6575710e-001  6.2062821e-001  7.8496192e-001  6.9756057e-001  5.9180126e-001  9.2146479e-001  8.7039902e-001  5.8195500e-001
 -8.9544214e-001 -9.9751608e-001 -9.6290944e-001 -1.0573079e+000 -7.1067250e-001 -6.9099087e-001 -6.4344722e-001 -6.3998969e-001 -3.7725780e-001 -1.5261423e-001  2.0154080e-001  5.4449957e-001  5.4064974e-001  8.4056511e-001  8.0545118e-001  9.0679392e-001  5.3756651e-001  6.3911968e-001  7.3067143e-001  7.0324484e-001  4.0282505e-001
 -9.4254646e-001 -1.4145347e+000 -1.3164792e+000 -9.3301663e-001 -6.1677419e-001 -5.7495698e-001 -6.4148484e-001 -5.0761358e-001 -4.4489241e-001 -1.2947258e-001 -3.6430524e-001  1.2966377e-001  7.4706967e-001  7.9330598e-001  8.0197611e-001  5.7120575e-001  5.8303128e-001  1.0595155e+000  8.8346215e-001  4.9187629e-001  5.5847737e-001
 -1.2786282e+000 -1.2908266e+000 -1.1762421e+000 -1.0527168e+000 -9.5273216e-001 -9.2773032e-001 -8.9213044e-001 -6.1259667e-001 -3.6024881e-001 -1.7906382e-001  4.6311264e-002  6.9330058e-002  3.4452807e-001  4.7655994e-001  6.1390749e-001  6.6165149e-001  7.3527514e-001  8.9638107e-001  9.1545706e-001  7.9191600e-001  9.1271709e-001
 -3.6890612e-001 -4.0071626e-001 -6.1897353e-001 -6.9903226e-001 -1.1707034e+000 -1.3933936e+000 -9.6010525e-001 -4.0018624e-001 -1.3232209e-001  1.1964447e-002  1.4533310e-001  5.6474732e-001  8.6703574e-001  7.4697889e-001  6.9197659e-001  7.7903611e-001  9.2069588e-001  8.8520971e-001  7.8909089e-001  9.4063910e-001  1.1952433e+000
 -1.2766803e+000 -8.1198001e-001 -5.6707469e-001 -6.1000975e-001 -4.4268549e-001 -3.4930757e-001 -2.5102880e-001 -3.4248053e-001 -2.4773567e-001 -1.5569498e-001  1.6269584e-001  3.9820271e-001  3.1549528e-001  4.0954351e-001  6.8660471e-001  7.8187466e-001  7.8902712e-001  9.0122424e-001  8.7159565e-001  8.3477852e-001  9.4374295e-001
 -6.0478876e-001 -9.0169975e-001 -9.1693835e-001 -8.7090573e-001 -1.1247389e+000 -7.7861846e-001 -6.7370958e-001 -6.0423570e-001 -9.2051619e-001 -7.6566921e-001 -3.1592707e-001  1.0938830e-001  3.2629984e-001  7.0138646e-001  6.6340336e-001  6.8312615e-001  5.1678269e-001  8.4350225e-001  9.4308131e-001  7.6148624e-001  4.1017085e-001
 -1.1605449e+000 -1.1039220e+000 -9.9269410e-001 -1.1358932e+000 -9.1342240e-001 -8.0084744e-001 -7.8917746e-001 -6.9338981e-001 -4.8687827e-001 -3.6967435e-001 -1.7413703e-001  7.4836558e-002  1.6662417e-001  2.3304766e-001  5.5117556e-001  5.7549784e-001  7.4047704e-001  7.9132624e-001  7.4489931e-001  1.2069858e+000  1.0385703e+000
 -1.0840986e+000 -8.3220721e-001 -9.9155529e-001 -9.5021454e-001 -8.5405144e-001 -6.9232215e-001 -5.4257678e-001 -3.3357120e-001 -1.6208172e-001 -6.7882433e-002  1.2738980e-002  1.0629050e-001  9.0062567e-003  1.8954910e-001  3.7389384e-001  8.5799053e-001  1.1116569e+000  1.1260614e+000  7.1900065e-001  6.7641773e-001  4.7866568e-001
 -1.0339244e+000 -1.1406437e+000 -8.1981044e-001 -8.6919240e-001 -7.8984419e-001 -6.4345139e-001 -5.6341487e-001 -5.0847111e-001 -2.2285942e-001 -1.4554278e-001  1.0108359e-001  2.4832615e-001  3.0535768e-001  4.3230603e-001  6.1251099e-001  5.1840547e-001  7.2268311e-001  7.6581969e-001  8.4480423e-001  8.5384537e-001  9.8701507e-001
 -5.2203383e-001 -1.7729586e-001 -9.5029172e-002  4.5406406e-002  3.0455152e-001  2.7713849e-001  1.6018618e-001  2.4120950e-001  4.1528077e-001  4.2070338e-001  2.4402120e-001  1.2346653e-001 -5.4286864e-002 -1.6198865e-001 -2.7051121e-002 -8.3374146e-003 -1.6205604e-002  2.1082330e-001  1.4514473e-001  4.5660559e-001 -3.6972068e-001
 -6.5830761e-001 -2.5628189e-001  1.4477017e-001  2.9496775e-001  4.3931990e-001  2.1037224e-001  6.2960570e-001  3.8328006e-001  4.7014935e-001  3.0174983e-001  3.1689144e-002  8.2740497e-002  1.1556587e-002 -3.1396749e-001 -1.1862492e-001 -1.3161278e-001 -1.6880336e-001 -1.7920953e-001 -3.2791794e-001 -4.0093789e-001 -2.8199305e-001
 -9.5681425e-001 -6.1784357e-001 -5.7073514e-001 -5.5855823e-001 -5.1103454e-001 -6.7883925e-001 -9.0986243e-001 -9.6458232e-001 -6.4301268e-001 -6.5135061e-001 -5.1067288e-001 -2.2002403e-001  1.1588902e-001  2.3207557e-001  2.4093476e-002  1.9484678e-001  3.4062889e-001  2.8831978e-001  2.8319890e-001  7.4332670e-001  9.7357427e-001
  3.6736223e-002 -3.8810241e-001  3.5812493e-001  2.5649174e-001  2.9610385e-001  3.7273786e-001  9.3204417e-002  1.9263923e-001  2.9720473e-001  5.9750291e-002 -1.2921831e-001 -5.4242013e-001 -5.7888958e-001 -9.1853000e-001 -7.8928275e-001 -6.0946993e-001 -1.7206430e-001 -3.8794234e-001 -6.2761057e-001 -5.5683069e-001 -5.9580855e-001
 -1.0532132e+000 -9.0550286e-001 -8.8161542e-001 -8.9759721e-001 -9.6022000e-001 -9.0883507e-001 -5.9967515e-001 -3.6975471e-001 -3.9907584e-001 -1.6860621e-001  1.3754661e-002  1.0780551e-001  6.2468544e-001  8.4679854e-001  7.8756401e-001  5.2728889e-001  5.9965797e-001  7.6796101e-001  6.5816870e-001  8.2792654e-001  9.1299106e-001
 -5.9395465e-001 -4.4631537e-001 -5.2472092e-001 -4.0758472e-001 -2.8114060e-001 -9.9875013e-002  8.8178128e-002 -1.1180986e-001 -3.0521368e-001 -2.2630887e-001 -2.4889631e-001 -4.5527044e-001 -6.6264645e-001 -6.4626898e-001 -7.1967393e-001 -9.0793797e-001 -6.8640431e-001 -6.1232010e-001 -4.4163975e-001 -3.0730630e-001 -5.5181711e-001
 -6.9216170e-001 -7.0872870e-001 -1.0848221e+000 -7.5395499e-001 -8.8588871e-001 -4.6461229e-001 -2.0158785e-001 -5.8846255e-001 -6.7248390e-001 -5.4726601e-001 -1.9588237e-001  3.9035030e-002  1.7725859e-001  2.3675913e-001  3.1479862e-001  6.3302106e-001  7.5493825e-001  6.2503571e-001  6.1183439e-001  8.8929008e-001  1.0234071e+000
 -1.0164773e+000 -1.0322955e+000 -1.0827840e+000 -7.2323003e-001 -4.6366793e-001 -5.2308788e-001 -4.5335769e-001 -2.1094530e-001 -2.8289260e-002  1.9474227e-001  1.8677279e-001  4.0478369e-001  7.9204751e-001  8.8624378e-001  9.3914684e-001  8.5443306e-001  8.8145284e-001  8.7809637e-001  9.5053277e-001  1.1080191e+000  1.0559574e+000
 -1.2179111e-001  1.1160932e-001  1.9484697e-001  1.0736026e-001  2.2785066e-001  4.5704013e-001  6.6751179e-001  6.1703197e-001  6.6726289e-001  6.3494036e-001  5.5256320e-001  3.2055505e-001  1.6675289e-001  1.3678115e-002 -6.3780059e-003 -1.2027360e-001 -2.0262291e-001 -7.1482339e-002  3.9492867e-002  2.2494640e-002 -1.4263244e-001
 -7.7901922e-001 -9.2858236e-001 -9.9164413e-001 -1.0059967e+000 -9.4217405e-001 -6.7589753e-001 -5.9018787e-001 -4.7575293e-001 -4.9954892e-001 -2.1714804e-001  3.1484363e-002  2.7173490e-001  4.4725499e-001  4.6387745e-001  4.5610077e-001  6.7009656e-001  3.4959150e-001  6.5272623e-001  7.2846523e-001  6.9766039e-001  8.7296527e-001
 -1.0877025e+000 -1.2318494e+000 -1.5632648e+000 -1.3050984e+000 -8.8301310e-001 -8.4938349e-001 -9.2588299e-001 -5.4782438e-001 -4.8344413e-001 -7.6007715e-001 -6.2496423e-001 -3.3263980e-001 -2.7321397e-001  1.3639361e-001  5.6412363e-001  4.6861390e-001  5.9416408e-001  6.6771859e-001  7.8610216e-001  1.0735369e+000  1.1687348e+000
 -7.6998639e-001 -6.3230703e-001 -5.2013683e-001 -5.5835115e-001 -4.9424366e-001 -5.0113929e-001 -4.4600274e-001 -4.1936964e-001 -3.6222321e-001 -2.8162604e-001 -2.9513061e-001 -2.2466780e-001  5.3236500e-003  9.8189287e-002  2.7167125e-001  2.5955375e-001  4.5937795e-001  4.0740919e-001  7.3802862e-001  6.1204432e-001  6.4621960e-001
 -5.9957484e-001 -8.9742416e-001 -8.3055734e-001 -7.7623670e-001 -5.5637354e-001 -5.3083064e-001 -4.0038193e-001 -3.1506659e-001 -3.8995622e-001 -2.9219862e-001 -4.8850361e-001 -5.4925290e-001 -4.2285149e-001 -5.4408598e-002  2.9558115e-001  4.1360793e-001  7.7320806e-001  1.0530119e+000  1.0536256e+000  1.3760775e+000  1.5009175e+000
 -1.5976570e-001 -3.2483709e-001 -1.9527318e-002  1.2679064e-001  1.1504007e-001  1.9270989e-001  2.1733879e-001  2.6651122e-001 -4.1819421e-001 -3.2498703e-001 -4.4511711e-001 -6.2414297e-001 -6.2874239e-001 -5.9515581e-001 -5.5988089e-001 -5.7863937e-001 -6.8263811e-001 -1.0465303e+000 -9.6548617e-001 -8.3301970e-001 -7.2988728e-001
 -7.8552779e-001 -7.3326617e-001 -8.2581510e-001 -1.0130369e+000 -1.0516685e+000 -6.0133291e-001 -6.0913052e-001 -7.6364679e-001 -5.0526961e-001 -3.9490101e-001 -8.4708405e-002  1.4250762e-001  1.4819852e-001  3.3097335e-001  5.5284357e-001  4.9350389e-001  5.4771661e-001  5.8820568e-001  5.0120298e-001  6.3434284e-001  1.0142203e+000
 -9.8008866e-001 -8.5061685e-001 -7.6581314e-001 -6.5517607e-001 -5.4763501e-001 -9.9723833e-001 -6.8868837e-001 -4.6363328e-001 -2.6061734e-001  7.4149744e-002  2.7624222e-001  2.9663991e-001  7.5320840e-001  9.0658694e-001  6.7784248e-001  7.5599714e-001  7.9489483e-001  1.1514658e+000  9.2604186e-001  1.1478880e+000  1.0112252e+000
 -1.1687352e+000 -1.0893381e+000 -1.0871067e+000 -1.0629830e+000 -1.0442688e+000 -9.5884571e-001 -9.4202545e-001 -8.4339055e-001 -9.1479828e-001 -7.4458715e-001 -7.7360163e-001 -8.0568740e-001 -4.1482185e-001 -3.1779804e-001 -1.6383166e-002  1.4915927e-001  6.6355395e-001  4.1582385e-001  5.2641407e-001  8.5218900e-001  1.1574856e+000
 -9.2916978e-001 -1.0508091e+000 -9.7694096e-001 -1.1736053e+000 -8.7579027e-001 -8.8250778e-001 -6.6267588e-001 -4.5201202e-001 -5.4313414e-001 -3.3581117e-001 -2.1457991e-001 -9.2270538e-002  2.5770242e-001  1.9921613e-001  5.9968989e-001  9.0712098e-001  8.9766561e-001  9.9000848e-001  9.6649791e-001  1.1679850e+000  1.1512270e+000
 -5.8872603e-001 -7.4890311e-001 -8.1706575e-001 -7.3795329e-001 -7.1309882e-001 -4.8845551e-001 -5.3329515e-001 -4.4276056e-001 -5.3843745e-001 -4.9551223e-001 -1.5211505e-001  1.4954247e-001  3.3381523e-001  5.2495336e-001  5.4017875e-001  7.1100195e-001  5.4075455e-001  7.9602104e-001  8.4570559e-001  9.9745160e-001  9.5073537e-001
 -7.1730774e-001 -5.1451034e-001 -4.5635512e-001 -3.8893517e-001 -5.5275123e-001 -5.3658363e-001 -4.5626180e-001 -4.1313881e-001 -6.1462795e-002  2.7974372e-001  2.3305165e-001  1.6039641e-002 -9.9301970e-002  2.9687975e-001  4.1476619e-001  4.6762821e-001  9.4109235e-001  7.5109113e-001  8.6522798e-001  7.9934616e-001  6.1654732e-001
 -7.7800058e-001 -7.2082527e-001 -7.0136397e-001 -7.2504499e-001 -7.2651027e-001 -7.0355415e-001 -7.4359847e-001 -7.4670752e-001 -5.4450880e-001 -6.0079055e-001 -3.1439485e-001  9.6687262e-003  8.7149292e-002  2.0216874e-001  4.2093483e-001  5.8006237e-001  6.0439730e-001  4.8437138e-001  6.6540586e-001  9.0949100e-001  8.7757812e-001
 -6.7942654e-001 -7.1933402e-001 -7.6918246e-001 -4.4113618e-001 -4.9880557e-001 -6.2247436e-001 -4.0287473e-001 -3.3559047e-001 -2.6722348e-001 -1.0725388e-001 -1.2683994e-001 -4.8540898e-002 -1.1078395e-001  8.7435031e-002  1.3310147e-001 -8.3098464e-003  7.9409864e-002  4.3499426e-001  3.4799428e-001  4.0393714e-001  3.6717126e-001
 -6.6177222e-001 -7.3664252e-001 -7.0254732e-001 -6.4836149e-001 -5.3521698e-001 -3.8267761e-001 -3.0681170e-001 -2.5996030e-001 -2.5958184e-002  9.8018272e-003  3.4749926e-001  2.8454946e-001  3.7221755e-001  3.8443860e-001  1.3338916e-001  1.9223454e-001  4.1813424e-001  5.6816345e-001  8.2240813e-001  8.2859216e-001  9.9142616e-001
 -6.4311041e-001 -5.6080366e-001 -6.9977114e-001 -7.1178193e-001 -7.9661234e-001 -7.0676135e-001 -5.8458219e-001 -4.4840190e-001 -4.8920532e-002  3.2188440e-001  7.4700267e-001  9.9858306e-001  9.0831977e-001  5.5018777e-001  3.2018643e-001  5.9969364e-001  7.9648920e-001  8.2185291e-001  8.2963781e-001  1.1329008e+000  1.3063289e+000
 -1.0566172e+000 -1.0117255e+000 -1.0456313e+000 -9.7003870e-001 -9.2916968e-001 -8.2202202e-001 -8.3141865e-001 -5.7378931e-001 -4.1951218e-001 -4.1080741e-001 -1.5584184e-001  2.6670044e-002  4.0752467e-001  6.0591532e-001  8.0117123e-001  5.0063623e-001  6.0077010e-001  5.4037664e-001  7.0524680e-001  6.9612255e-001  8.5058484e-001
 -1.0765322e+000 -1.0933973e+000 -8.2670143e-001 -8.7159665e-001 -7.1274635e-001 -2.5550592e-001 -1.4145674e-001 -4.1565181e-002  2.1098709e-001  2.3529420e-001  2.9195543e-001  6.5979688e-001  8.1381078e-001  5.8431723e-001  4.2312803e-001  5.8573051e-001  6.7805129e-001  8.4693912e-001  8.6204563e-001  9.0676414e-001  1.2468902e+000
 -4.4977565e-001 -1.9321361e-001  6.5658354e-002 -2.7113737e-001 -2.3527903e-001 -5.7801916e-002 -8.3631154e-002 -8.5073047e-003  3.4675008e-001 -3.6968544e-002 -3.3948642e-001 -6.6324222e-001 -8.4135395e-001 -1.0972900e+000 -1.0526227e+000 -1.1004529e+000 -9.1070377e-001 -9.0874810e-001 -6.1103956e-001 -1.9217954e-001  1.1635035e-002
 -8.2295525e-001 -1.1854898e+000 -8.5122804e-001 -6.6782252e-001 -7.0765554e-001 -6.0956427e-001 -5.4205650e-001 -3.9098146e-001 -6.9651474e-001 -7.0986268e-001 -7.3460786e-001 -4.0440463e-001 -1.0968147e-001  3.5195406e-001  2.5407623e-001  5.0820541e-001  5.6872099e-001  2.9688604e-001  3.5053369e-001  1.0335952e+000  9.2868854e-001
 -9.4037857e-001 -9.3596692e-001 -9.4463608e-001 -4.7497649e-001 -4.8470477e-001 -5.2052830e-001 -2.7283732e-001 -2.5665141e-001 -1.9908049e-001  8.5741503e-003  3.2658932e-001  4.8684871e-001  5.3729680e-001  6.7432674e-001  7.7280545e-001  1.0614347e+000  1.1465782e+000  1.2720297e+000  9.5744309e-001  6.9758934e-001  5.4043333e-001
 -8.9671559e-001 -8.8841188e-001 -8.2673667e-001 -7.9806507e-001 -7.6009190e-001 -5.7338522e-001 -5.5652919e-001 -5.5020962e-001 -5.4560928e-001 -2.9193008e-001 -1.1473414e-001 -3.4969362e-001 -1.0837765e-001 -1.2486437e-002  1.6716582e-001  3.1644023e-001  3.2576011e-001  3.8232352e-001  1.0866823e-001  3.1434149e-001  4.7991498e-001
 -1.1286467e-001 -1.7357491e-001  4.5178268e-004 -1.6677112e-001 -4.2447317e-001 -3.4433940e-001 -2.5001572e-001 -3.2347763e-001 -2.7913497e-001 -3.9366519e-001 -3.3894473e-001 -5.4356423e-001 -6.0952131e-001 -5.7737060e-001 -9.6796221e-001 -1.0071655e+000 -7.9400434e-001 -9.1633273e-001 -7.3858674e-001 -5.9837923e-001 -3.9673761e-001
 -6.6001455e-001 -7.2477247e-001 -9.3113939e-001 -9.6448867e-001 -6.7318297e-001 -1.4485951e-001 -3.0768870e-001 -2.1933608e-001 -2.7055109e-001 -8.9861845e-002 -4.9523456e-002  2.4412354e-001  4.0593736e-001  1.0560049e+000  1.0655259e+000  9.5405268e-001  8.6353120e-001  8.4891852e-001  8.7119909e-001  7.2954020e-001  6.3582657e-001
 -3.6850425e-001 -1.6221736e-001 -4.6182525e-001 -2.1820915e-001 -2.0583871e-001 -2.8327457e-003  1.6870730e-002  1.1819821e-001  1.2100830e-001 -1.9292694e-002 -1.9427191e-002  1.4788413e-001 -3.1200751e-001 -4.4159606e-001 -5.4094851e-001 -4.3013680e-001 -3.7073562e-001 -3.5425714e-001 -4.5858720e-001 -7.1255282e-001 -1.2146306e-001
 -1.3150173e+000 -1.1248669e+000 -1.1263446e+000 -1.1316545e+000 -7.5463799e-001 -8.1383173e-001 -7.2660336e-001 -5.2386500e-001 -4.5929411e-001 -2.7741878e-001 -2.1753671e-001  1.4002869e-001  1.1816679e-001  4.5640410e-002  3.0570051e-001  2.8012739e-001  1.7991152e-001  3.3479236e-001  8.3765132e-001  8.9529686e-001  1.3173109e+000
 -1.2330322e+000 -1.2426918e+000 -1.0803908e+000 -8.2867646e-001 -8.4310900e-001 -8.3853136e-001 -8.1738312e-001 -8.0548116e-001 -7.6198684e-001 -3.7385911e-001 -2.5638145e-001 -6.4036697e-002  1.0580246e-001  1.5676978e-001  3.9171408e-001  3.6072806e-001  5.7372957e-001  9.1490301e-001  9.7885031e-001  9.4894301e-001  1.3656911e+000
  3.0216951e-001  3.5691111e-001  5.3853096e-001  3.3726409e-001  2.8534329e-001  3.7140592e-001  3.0750333e-001  5.0033150e-001  4.4941149e-001  2.6051234e-001  5.7238163e-003 -3.0794684e-003 -3.6325020e-001 -3.0276773e-001 -4.2890231e-001 -3.4446722e-001 -2.1531905e-001 -1.3543515e-001 -1.2489854e-001 -1.7561568e-001  3.4572751e-001
